888    888 d8b      888                 888888
888    888 Y8P      888                   "88b
888    888          888                    888
8888888888 888  .d88888 888  888 88888b.   888
888    888 888 d88" 888 888  888 888 "88b  888
888    888 888 888  888 888  888 888  888  888
888    888 888 Y88b 888 Y88b 888 888 d88P  88P
888    888 888  "Y88888  "Y88888 88888P"   888
                                 888     .d88P
                                 888   .d88P" 
                                 888  888P"   